12 12 12 12 12 12 12 12 0 37 38 38 38 38 38 38 38 12 12 12 12 12 12 12 12 12 12 12 12 12 12 38 22 22 22 22 22 22 22 22 22 22 22 22 22 22 22 22 22 22 22 22 22 22 22 22 22 22 22 22 22 22 22 22 22 22 22 22 22 22 23 0 0 15 15 15 15 15 15 15
12 12 12 12 47 12 12 12 0 37 38 38 38 38 38 38 38 12 12 12 12 12 12 12 12 12 12 12 12 12 12 38 22 22 22 22 22 22 22 22 22 22 22 22 22 22 22 22 22 22 22 22 22 22 22 22 22 22 22 22 22 22 22 22 22 22 22 22 22 22 23 0 0 15 15 15 15 15 15 15
12 13 0 0 0 0 0 0 0 21 22 22 22 22 38 38 38 12 0 0 0 0 0 0 0 0 0 0 0 0 12 38 22 22 22 22 22 22 22 22 22 22 22 22 22 22 22 22 22 22 22 22 22 22 22 22 22 22 22 22 22 22 22 22 22 22 22 22 22 22 23 0 0 0 0 0 0 15 15 15
12 0 0 0 0 0 0 0 0 21 22 22 22 22 38 38 38 12 0 0 0 0 0 0 0 0 0 0 0 0 12 38 22 22 22 22 22 22 22 22 22 22 22 22 22 22 22 22 22 22 22 22 22 22 22 22 22 22 22 22 22 22 22 22 22 22 22 22 22 22 23 0 0 0 0 0 0 15 15 15
12 0 0 15 0 15 0 0 0 21 22 22 22 22 38 38 38 12 0 0 0 0 0 0 0 0 0 0 0 0 12 38 22 22 22 22 22 22 22 22 25 25 25 25 25 25 25 25 25 25 25 25 25 25 25 25 25 25 25 25 25 25 25 25 25 25 25 25 25 25 26 0 0 0 0 0 0 15 15 15
12 0 0 0 0 0 0 0 0 21 22 22 22 22 38 38 38 12 0 0 0 0 0 0 0 0 0 0 0 0 12 38 22 22 22 22 22 22 22 30 0 0 0 0 0 0 0 0 0 0 0 0 0 0 0 0 0 0 0 0 0 0 0 0 0 0 0 0 0 0 0 0 0 0 0 0 0 15 15 15
12 0 0 15 0 15 0 0 0 21 22 22 22 22 38 38 38 12 0 0 0 0 0 0 0 0 0 0 0 0 12 38 22 22 22 22 22 22 23 0 0 0 0 0 0 0 0 0 0 0 0 0 0 0 0 0 0 0 0 0 0 0 0 0 0 0 0 0 0 0 0 0 0 0 0 0 0 15 15 15
12 0 0 0 0 0 0 0 0 21 22 22 22 22 38 38 38 12 0 0 0 0 0 0 0 0 0 0 0 0 12 38 22 22 22 22 22 22 23 0 0 15 15 15 15 15 15 15 15 15 15 15 15 15 15 15 15 15 15 15 15 15 15 15 15 15 15 0 0 0 0 0 0 0 0 0 0 15 15 15
12 10 0 0 0 0 0 0 0 21 22 22 22 22 38 38 38 12 0 0 0 0 0 0 0 0 0 0 0 0 12 38 22 22 22 22 22 22 23 0 0 15 15 15 15 15 15 15 15 15 15 15 15 15 15 15 15 15 15 15 15 15 15 15 15 15 15 0 0 0 0 0 0 0 0 0 0 15 15 15
12 12 9 9 9 9 9 0 0 37 38 38 38 38 38 38 38 12 9 9 9 9 9 9 32 9 9 9 9 9 12 38 22 22 22 22 22 22 23 0 0 15 15 15 15 15 15 15 15 15 15 15 15 15 15 15 15 15 15 15 15 15 15 15 15 15 15 15 15 15 15 0 0 15 15 15 15 15 15 15
12 12 12 12 12 12 12 0 0 37 38 38 38 38 38 38 38 12 12 12 12 12 12 12 32 12 12 12 12 12 12 38 22 22 22 22 22 22 23 0 0 15 15 15 15 15 15 15 15 15 15 15 15 15 15 15 15 15 15 15 15 15 15 15 15 15 15 15 15 15 15 0 0 15 15 15 15 15 15 15
15 15 15 15 15 15 15 0 0 21 22 22 22 22 22 22 22 22 22 22 22 22 22 22 22 22 22 22 22 22 22 22 22 22 22 22 22 22 23 0 0 15 15 15 15 15 15 15 15 15 15 15 15 15 15 15 15 15 15 15 15 15 15 15 15 15 15 15 15 15 15 0 0 15 15 15 15 15 15 15
15 15 15 15 15 15 15 0 0 21 22 22 22 22 22 22 22 22 22 22 22 22 22 22 22 22 22 22 22 22 22 22 22 22 22 22 22 22 23 0 0 15 15 15 15 15 15 15 15 15 15 15 15 15 15 15 15 15 15 15 15 15 15 15 15 15 15 15 15 15 15 0 0 15 15 15 15 15 15 15
15 15 0 0 0 0 0 0 0 21 22 22 22 22 22 22 22 22 22 22 22 22 22 22 22 22 22 22 22 22 22 22 22 22 22 22 22 22 23 0 0 0 0 0 0 0 0 0 0 0 0 0 0 0 0 0 0 0 0 0 0 0 0 0 0 0 0 0 0 0 0 0 0 0 0 0 0 0 0 15
15 15 0 0 0 15 0 0 0 21 22 22 22 22 22 22 22 22 22 22 22 22 22 22 22 22 22 22 22 22 22 22 22 22 22 22 22 22 23 0 0 0 0 0 0 0 0 0 0 0 0 0 0 0 0 15 0 15 0 0 0 15 0 15 15 0 15 0 0 0 15 0 0 15 0 15 0 0 0 15
0 0 0 0 0 0 0 0 0 24 25 25 25 25 25 25 25 25 25 25 22 22 22 22 48 25 25 25 25 25 25 25 25 25 25 25 25 25 26 0 0 0 15 0 15 15 0 0 0 0 0 0 0 0 0 0 0 0 0 0 0 0 0 0 0 0 0 0 0 0 0 0 0 0 0 0 0 0 0 0
0 0 0 0 0 15 0 0 0 0 0 0 0 0 0 0 0 0 0 0 29 22 22 30 0 0 0 0 0 0 0 0 0 0 0 0 0 0 0 0 0 0 0 0 0 0 0 0 0 0 0 15 0 15 0 15 0 15 0 15 0 15 0 15 15 0 15 0 15 0 15 0 0 15 0 15 0 15 0 0
0 0 0 0 0 0 0 0 0 0 0 0 0 0 2 2 2 2 0 0 0 22 22 0 0 0 0 0 0 0 2 2 2 2 2 0 0 0 0 0 0 0 15 0 15 15 0 0 0 0 0 0 0 0 0 0 0 0 0 0 0 0 0 0 0 0 0 0 0 0 0 0 0 0 0 0 0 0 0 0
15 15 0 0 0 15 0 0 0 0 0 0 0 0 5 5 5 5 0 0 0 22 22 0 0 0 0 0 0 0 5 5 5 5 5 0 0 0 0 0 0 0 0 0 0 0 0 0 0 0 0 0 0 0 0 15 0 15 0 0 0 15 0 15 15 0 15 0 0 0 15 0 0 15 0 15 0 0 0 15
15 15 0 0 0 0 0 0 0 0 0 0 0 0 5 5 5 5 0 0 0 22 22 0 0 0 0 0 0 0 5 5 5 5 5 0 0 0 0 0 0 0 0 0 0 0 0 0 0 0 0 0 0 0 0 0 0 0 0 0 0 0 0 0 0 0 0 0 0 0 0 0 0 0 0 0 0 0 0 15
15 15 15 0 0 15 15 15 15 0 0 15 15 0 5 5 5 5 0 0 0 22 22 0 0 0 2 0 2 0 5 5 5 5 5 15 15 15 15 15 15 15 15 15 15 15 15 15 15 15 15 15 15 15 15 15 15 15 15 15 15 15 15 15 15 15 15 0 15 0 15 0 0 15 0 15 0 15 0 15
15 15 15 0 0 15 15 15 15 0 0 15 15 0 5 5 5 5 0 0 0 22 22 0 0 0 5 0 5 0 5 5 5 5 5 15 15 15 15 15 15 15 15 15 15 15 15 15 15 15 15 15 15 15 15 15 15 15 15 15 15 15 15 15 15 15 15 0 15 0 15 0 0 15 0 15 0 15 0 15
5 5 5 0 0 5 5 5 5 0 0 5 5 0 5 5 5 5 0 0 0 22 22 0 0 0 5 0 5 0 5 5 5 5 5 5 5 5 5 5 5 5 5 5 5 5 5 5 5 5 5 5 5 5 5 5 5 5 5 5 5 5 5 5 5 5 15 0 15 0 15 0 0 15 0 15 0 15 0 15
5 5 5 0 0 4 5 47 6 0 0 4 6 0 4 5 5 6 0 0 0 22 22 0 0 0 5 0 5 0 4 5 5 5 5 5 5 5 5 47 5 5 5 5 5 5 5 5 5 5 5 5 5 5 5 5 5 5 5 5 5 5 5 5 5 5 15 0 15 0 15 0 0 15 0 15 0 15 0 15
5 5 6 0 0 0 0 0 0 0 0 0 0 0 0 0 0 0 0 0 0 38 38 0 0 0 0 0 0 0 0 0 0 0 0 0 0 0 0 0 0 0 0 0 0 0 4 5 5 6 0 0 0 0 0 0 0 4 6 0 0 0 4 5 5 6 0 0 0 0 0 0 0 0 0 0 0 0 0 15
4 6 0 0 0 0 0 0 0 0 0 0 0 0 0 0 0 0 0 0 0 38 38 0 0 0 14 0 0 0 0 0 0 0 0 14 14 14 14 0 0 0 0 0 0 0 0 4 6 0 0 7 0 7 0 0 0 0 0 0 7 0 0 4 6 0 0 0 15 0 0 0 0 15 0 0 0 15 0 15
0 0 0 0 0 0 15 0 0 0 0 0 0 0 0 0 0 0 0 0 0 38 38 0 0 0 0 0 14 0 0 0 0 0 0 0 0 0 0 0 14 14 14 0 0 0 0 0 0 0 0 0 0 0 0 0 0 0 0 0 0 0 0 0 0 0 15 0 0 0 0 0 0 0 0 0 0 0 0 0
0 0 0 0 0 0 0 0 0 0 0 0 0 0 0 0 0 0 0 0 0 49 49 0 0 0 14 0 0 0 0 0 0 0 0 14 14 14 14 0 0 0 0 0 0 0 0 0 0 0 0 7 0 7 0 0 0 0 0 0 7 0 0 0 0 0 0 0 15 0 15 0 0 15 0 15 0 15 0 0
0 0 0 0 0 0 15 0 0 0 0 0 0 0 0 0 0 0 0 0 0 38 38 0 0 0 0 0 14 0 0 0 0 0 0 0 0 0 0 0 14 14 14 0 0 0 0 0 0 0 0 0 0 0 0 0 0 0 0 0 0 0 0 0 0 0 15 0 0 0 0 0 0 0 0 0 0 0 0 0
1 3 0 0 0 0 0 0 0 0 0 0 0 0 0 0 0 0 0 0 0 38 38 0 0 0 14 0 0 0 0 0 0 0 0 14 14 14 14 0 0 0 0 0 0 0 0 1 3 0 0 7 0 7 0 0 0 0 0 0 7 0 0 1 3 0 0 0 15 0 0 0 0 15 0 0 0 15 0 15
5 5 3 0 0 0 0 0 0 0 0 0 0 0 0 0 0 0 0 0 0 38 38 0 0 0 0 0 0 0 0 0 0 0 0 0 0 0 0 0 0 0 0 0 0 0 1 5 5 3 0 0 0 0 0 0 0 1 3 0 0 0 1 5 5 3 0 0 0 0 0 0 0 0 0 0 0 0 0 15
5 5 5 2 2 2 2 2 2 2 2 2 2 2 2 2 2 2 2 3 0 22 22 2 2 2 2 2 2 2 2 2 2 2 2 2 2 2 2 2 2 2 2 3 0 0 5 5 5 5 2 2 2 2 2 0 0 5 5 2 2 2 5 5 5 5 15 0 15 0 15 0 0 15 0 15 0 15 0 15
5 5 5 5 5 5 5 5 5 5 5 5 5 5 5 5 5 5 5 5 0 22 22 5 5 5 5 5 5 5 5 5 5 5 5 5 5 5 5 5 5 5 5 5 0 0 5 5 5 5 5 5 5 5 5 0 0 5 5 5 5 5 5 5 5 5 15 0 15 0 15 0 0 15 0 15 0 15 0 15
5 5 5 5 5 5 5 5 5 5 5 5 5 5 5 5 5 5 5 5 0 22 22 5 5 5 5 5 5 5 5 5 5 5 5 5 5 5 5 5 5 5 5 5 0 0 5 5 5 5 5 5 5 5 5 0 0 5 5 5 5 5 5 5 5 5 15 0 15 0 15 0 0 15 0 15 0 15 0 15
5 5 5 5 5 5 5 5 5 5 5 5 5 5 5 5 5 5 47 6 0 22 22 4 5 5 5 5 5 5 5 5 5 5 5 5 5 5 5 5 5 5 5 6 0 0 5 5 5 5 5 5 47 5 6 0 0 5 5 5 5 5 5 5 5 5 15 0 15 0 15 0 0 15 0 15 0 15 0 15
5 6 0 0 0 0 0 0 0 0 0 0 0 0 4 5 5 6 0 0 0 22 22 0 0 0 0 0 0 0 0 0 0 0 0 0 0 0 0 0 0 0 0 0 0 0 5 5 5 5 5 6 0 0 0 0 0 5 5 5 5 5 5 5 5 5 0 0 0 0 0 0 0 0 0 0 0 0 0 0
6 0 0 0 0 0 0 0 0 0 0 0 0 0 0 5 5 0 0 0 0 22 22 0 7 0 0 0 7 0 0 0 0 0 0 0 0 0 0 0 7 0 0 0 0 0 4 5 5 5 6 0 0 0 0 0 0 5 5 5 5 5 5 5 5 6 0 0 0 0 15 0 0 15 0 15 0 15 0 0
0 0 0 0 0 0 0 0 0 0 0 0 0 0 0 5 5 0 0 0 0 22 22 0 0 0 7 0 0 0 0 0 0 0 0 0 0 0 0 0 0 0 7 0 0 0 0 4 5 6 0 0 0 0 0 0 0 4 5 5 5 5 5 5 6 0 15 0 15 0 0 0 0 0 0 0 0 0 0 0
0 0 0 0 0 0 0 0 0 0 0 0 0 0 0 5 5 0 0 7 0 22 22 0 7 0 0 0 7 0 0 0 0 0 7 0 0 7 0 0 7 0 0 0 0 0 0 0 0 0 0 0 0 0 0 0 0 0 0 0 0 0 0 0 0 0 0 0 0 0 15 0 0 15 0 15 0 15 0 0
0 0 0 0 0 0 0 0 0 0 0 0 0 0 0 5 5 0 0 0 0 22 22 0 0 0 7 0 0 0 0 0 0 0 0 0 0 0 0 0 0 0 7 0 0 0 0 1 2 3 0 0 0 0 0 0 0 0 0 0 0 0 2 2 3 0 15 0 15 0 0 0 0 0 0 0 0 0 0 0
3 0 0 0 0 0 0 0 0 0 0 0 0 0 0 5 5 0 0 0 0 22 22 0 7 0 0 0 7 0 0 0 0 0 0 0 0 0 0 0 7 0 0 0 0 0 1 5 5 5 0 0 0 0 0 0 0 0 0 0 0 0 5 5 5 3 0 0 0 0 15 0 0 15 0 15 0 15 0 0
5 3 0 0 0 0 0 0 0 0 0 0 0 0 1 5 5 3 0 0 0 22 22 0 0 0 0 0 0 0 0 0 0 0 0 0 0 0 0 0 0 0 0 0 0 0 5 5 5 5 0 0 0 0 0 0 0 0 0 0 0 0 5 5 5 5 0 0 0 0 0 0 0 0 0 0 0 0 0 0
5 5 2 2 2 2 2 2 2 2 2 2 2 2 5 5 5 5 2 2 3 22 22 1 2 2 2 2 2 2 2 2 2 2 2 2 2 2 2 2 2 2 2 2 2 2 5 5 5 5 2 2 2 2 2 2 2 2 2 2 2 2 5 5 5 5 15 15 15 15 15 15 15 15 15 15 15 15 15 15
5 5 5 5 5 5 5 5 5 5 5 5 5 5 5 5 5 5 5 5 5 22 22 5 5 5 5 5 5 5 5 5 5 5 5 5 5 5 5 5 5 5 5 5 5 5 5 5 5 5 5 5 5 5 5 5 5 5 5 5 5 5 5 5 5 5 15 15 15 15 15 15 15 15 15 15 15 15 15 15
